function [NumMec] = tp2_89132( )
% close all
% clear all
% clc

%Os meus valores de referência, se quiser ver como calculei -> Scroll all
%the way down
M=[1.52387887257413	1.25890930385551	1.27514496312809	1.02810642512847	1.26516986668528	1.35986207672716	0.966039966273563	1.52808360742228	1.15786904086073	0.123936059753666	1.33017767348626	1.36128990174008	1.21829846631123	1.08791962668552	0.400071129084847	1.29509824265086	1.11139878321588	1.19304154207422	1.23505492824780	1.08971257051061	1.07500120962653	0.678928520011972	0.951180122749384	1.49486617821374	1.67657043456749	0.837978501068179	1.11407402328894	1.15508519329920;
    7.63180414728536	8.11740439373114	8.21886328650117	3.95409566737454	5.85177938414988	13.4240380807591	4.57443084523141	11.3305035240788	7.92558755039080	7.61241083662785	5.03646002799125	13.8604634208995	8.61916623450517	3.26005116731253	9.75123793417037	9.38770282771867	3.54244757441850	7.64212397733793	4.50487757638286	8.42099414813849	3.27152577708290	7.31821580601383	4.86422706692320	11.3356655212495	13.1559514954463	2.71181133304589	5.76160364722765	4.97101661785694;
    13.5348758858176	11.6786331032088	11.4609696427490	13.2547085973179	11.2144502003393	15.9110002327446	4.84174865402797	12.4251238725406	10.2193359732965	6.11299013337662	5.90942681354016	13.6953538344839	13.3052654666649	10.3127583424924	9.38641088474511	10.6082755951136	12.4112644510367	10.3376078589428	6.45912567727227	8.49619976096678	10.1480793485863	9.48351204238698	5.39431529594130	11.0597384992290	14.4618474088343	9.64212924749464	9.90556671261427	9.72636144163871;
    15.3288514204819	12.7634680767934	11.7464101050084	11.5037607577021	11.4912853890696	12.6149272465876	9.13149253947151	12.4507535959264	10.9525980438321	4.92730611639465	11.8742778755676	10.3524991900528	10.1261144743078	10.2647726259732	10.3789533630965	9.96901186981345	11.5188893229498	10.3056026282766	10.0807528609345	10.4802960408748	10.5793309229092	9.78229973554195	7.84312313796723	12.5899246321649	13.5539606429866	10.0667284967615	10.4762435745169	10.9003399803703;
    29.8806687619422	26.4722926909129	26.0152880819468	23.8863903277052	23.8033139107272	27.1600523869827	16.8443436228148	25.7578122850243	21.9582318275877	10.7723011851961	21.7917835126456	22.7080266081560	22.0687349324412	20.6733625919438	23.9022820248611	20.4999459597387	24.1091681091248	22.3610995337062	19.2366544463854	20.4225419176004	20.9434719706253	20.4798626885864	15.3741772149371	24.9149860629912	27.9271402490267	20.1406885649927	22.2733685524321	21.4570069201566;
    19.2458428446481	16.8231511151308	16.0079004886301	13.9199382163059	15.8901842888806	19.6081332672100	11.9704358173316	19.2302959452139	15.7363696974881	12.7165246934383	15.0737263456856	18.1054454133430	18.1273421718758	11.9385475334915	15.6889862078245	14.6707900608641	17.7591239186731	16.2464573776459	13.0878927280141	15.2273917317849	12.2182263477470	14.0569610473250	13.2725810415386	21.3921031491485	20.8236484346263	11.8943881782307	13.9318961165155	13.8689191690700;
    30.5332445988665	25.0230508784606	23.3525269837136	26.3808599230911	23.1378356496271	27.2984190413414	16.3927173141076	24.9853813199970	22.3284101799570	11.2637251334893	21.1144181323301	23.3865151760656	24.5615808207803	21.5566950955643	20.5040832009589	24.5589873659271	23.7668021539545	20.6430492329979	18.7829935909837	20.5018738751615	24.4657155296650	19.4785083855941	14.8850794164464	24.8110292204286	27.8904106494596	20.6785073196470	20.9366449974477	23.2938762201627;
    0.702188676817192	0.858236257188715	1.00059099485036	0.712347859187439	0.698925613161871	0.994023376778129	0.822301158515224	0.951488601124272	0.989452307631241	0.940193699162629	0.789726434757678	0.954603249222192	0.961558140739113	0.747939889216790	0.987727486319669	0.990396416130982	0.751545852450151	0.766352696668827	0.790851292947813	0.958539081802095	0.662332477427332	0.858962389466243	0.822689660471486	0.799812438413171	0.801270194268822	0.710752872960771	0.930378523627674	0.612610449668019;
    0.436399858608332	0.389652495594106	0.264797762827197	0.747227536160886	0.532692972433757	0.143225867541313	0.667330377112143	0.122398378773079	0.325471349775342	0.157148898751363	0.673961859816847	0.134418983523162	0.288867831579163	0.852707872064818	0.120942680950256	0.246768149311750	0.835126164631703	0.354520326855679	0.706232155356691	0.281742680666036	0.852180193706158	0.189627574806057	0.602596168243775	0.143327366405119	0.115267733343729	0.863162227984008	0.482997583017062	0.666640972643711;
    0.949258723814383	0.996773676864289	0.993749618879200	0.934038188417232	0.962713305398676	0.992515017139982	0.991633799450221	0.977049742710120	0.991478300924555	0.989425741312864	0.987297362690540	0.978634896335985	0.989308945707477	1	                0.991678761490082	0.989680325389089	0.995242796876403	0.941193469151857	0.925709887795196	0.985641097131705	0.965176765244196	0.965481543787001	0.953634460065809	0.968347882314905	0.974668806444507	0.965696784073507	0.979572341832611	0.922655443500357;
    0.909114628620881	0.829112349223239	0.681200161468570	0.782582290110390	0.824657669792196	0.775420578573963	0.668362767548866	0.799578391098021	0.656575531254514	0.157739298340661	0.806306897222803	0.716362184007143	0.737817569577144	0.727388640364935	0.263723864021167	0.753259116295115	0.704888521064992	0.836326986019052	0.776752526591523	0.698932907910875	0.802025657810407	0.545158878455551	0.661140274805029	0.739733067277861	0.903764067776009	0.651389588502702	0.504179554951528	0.800473531352467;
    0.710545561432385	0.495351678158064	0.543280615409420	0.447422557466981	0.512602055898370	0.554323337117096	0.391634112967834	0.713204330923058	0.458770042828308	0.129168388371009	0.655176821371852	0.614775460291234	0.474785922181373	0.610253680244901	0.232307185078474	0.536371143797510	0.594427821633704	0.528878072567682	0.617463361312669	0.417189535550439	0.531146617037953	0.338189171929327	0.354480035426969	0.695751164811021	0.841863827599872	0.432480322713714	0.474802943456281	0.499257470438042;
    0.388304270255300	0.231412880823130	0.317732966840588	0.101650450789091	0.0476692344263767	0.349560269622599	0.170640620851822	0.542375756524301	0.212767913016270	0.127828103053996	0.437622263707591	0.424036827299356	0.174658904497090	0.414108913880643	0.214930326376493	0.258954594676672	0.392858911241264	0.267786763387915	0.379644153640102	0.139487593537486	0.290616043812605	0.208035904349677	0.156343949122937	0.667279039424524	0.631852394861218	0.218817227705122	0.457847476249520	0.240435797350182];


